9.839932591299833 5.134095718146636
9.002542326864111 5.580664573228106
6.8507076146270025 6.8838321943798375
8.866031272025564 6.9301667397987785
7.218213248848506 4.502612271970134
4.3907347251317095 5.271367747231848
2.944552733739642 2.886458459755115
7.10582773358179 3.2043137375003465
1.478088773280256 3.0430985678302296
6.364033257920643 1.6115354482565585
9.443991069173169 9.277500156463207
4.885124597630146 2.346649126161335
7.317459128956173 7.57628356408959
4.004481256572603 1.6922700615725468
8.538051478627601 3.6715796976597614
7.967476512095415 7.698444340983968
8.202393159342463 9.026190582112898
4.135852800197375 8.125539804138018
7.110245206320419 2.8611731897367814
7.233067685702933 9.097554924326964
5.7721329004034425 4.002867264260248
9.667168078122662 8.655049816357032
5.074074572337574 3.097338268010635
3.3324729995158324 4.629514349888941
8.018344564570867 6.683064618044641
6.150383417871722 9.552124997410667
9.872737929176939 9.775144592886505
1.7002700597447944 8.519387593874688
1.8157041419555187 7.756345509920649
1.9774265758552336 7.95949305396036
6.151210999934905 4.495255583044479
4.432934749369168 3.964744605975225
4.403165721684373 6.335039140301131
9.171637443684979 2.4601540709963046
8.06306875442229 6.7173095829899205
8.90967259195613 2.0170437317613352
8.365458727695387 1.7087286874115069
5.329447917960288 1.5398995828397535
2.888531815254053 5.987161755644028
5.888491849688531 6.494902721101149
8.406127341523217 6.348643063722119
6.27763854658628 5.544968234029343
5.659442760511398 4.075019636541727
5.62844953865859 5.090661085683395
6.414768116618694 5.18952301614492
5.203655255608076 1.336582697086255
3.640836487978254 9.251689537454434
6.2897516821807935 4.656570400411182
2.7339044250556244 4.957118560886306
9.306698636686402 5.816386816709881
8.90205907103675 4.705676687696896
6.04239296458432 9.166044174030963
4.1272983197634705 7.366011039522183
7.839585670841866 6.719911918882352
1.8097784257779894 8.249084264191648
3.1831696112163645 5.331811175192687
6.664651520213741 9.576417056415062
5.554418171824047 2.5404577681684586
3.7932243123853184 4.682939284581604
1.1804303480501057 2.782799299302374
2.5405973645824207 2.8079122683864224
4.403866963969464 6.721483170712294
1.0866351713834823 9.007468841286805
6.783063906721857 4.97140850575666
4.890188614700406 7.563504692790192
1.0850053423498678 9.129590657846371
4.576917423545531 5.975466428213133
2.1424893098714035 5.254298438322891
7.830904777908177 5.750860050695412
5.112274785315006 3.1243126329269533
4.686133859859961 8.762603707783601
6.422197420275635 8.824445300299725
7.159562896250371 5.7354035106443915
8.211472797577759 7.044428275240449
8.505886749671726 4.76464751284053
8.290477891472023 9.865455384745552
5.459660766906914 3.165441090744871
3.6797469297210905 5.3511400834443
8.567920409963131 9.343894008533285
1.3556817200189712 7.917818382880151
6.494704894993848 9.863487423631485
3.5615531310442368 3.8285400727845356
5.7585350661961225 9.829035981989417
6.964273907008311 5.061836387067997
3.0886237446657603 2.0677747383882594
3.6676319562784943 2.6801270073872283
4.779554850142292 6.863084257748954
3.3857189260304366 8.088437733574674
9.846359119362004 2.5130440405488046
5.856032122571777 2.1824280707032613
9.837286840900717 5.406722935231095
1.0084714288355274 9.799274134263849
8.190876239446837 2.98770703597509
6.426115560303343 4.0990756548061125
7.2472295841716825 5.3354808068670305
9.92216345522031 3.261742166276662
4.9055817884213715 3.7471064626057515
6.977000938348142 5.406364847320335
1.6287886029287328 8.41407354858235
7.179558172287832 8.63356822267003
1.7492810796865168 3.267885857776095
6.265714024542259 1.043508337249554
1.4492744406709486 2.932484408088961
1.5014661834574938 5.110679970206498
5.380758294667497 9.318568400340121
8.895562972606763 4.388571164937895
8.76341569550208 8.160136161516998
8.051858544595683 8.921349080233789
3.1106533589915175 9.87779053052993
8.480943041717895 3.8741960422388875
7.062701621664742 2.2965987047911227
9.4187034165041 8.046087156782267
9.02429132332026 8.410350615973952
8.681084194809802 6.580456836278984
1.4569487437225979 9.832690735330601
7.103525911332448 4.116322961185109
7.409086290244812 7.777185565874438
4.390523119530563 8.921882155999095
6.280250160279019 8.743128912467942
6.050570635008121 5.704395888265251
8.286915992933986 1.8207733480263504
2.791046138415602 2.1060390636170343
7.628243711824968 5.410196115214419
9.692903356058132 6.461359604451542
7.650714246697475 3.7274091048502447
1.1513940673058576 7.636584009810503
7.776888309759312 9.85834296239478
3.6359496832684575 2.1032823399900575
2.6024034472890194 8.7741268620296
1.0039808384206501 2.03377893566757
7.835249241602971 2.0696160615834343
1.4199739573842147 7.0273351350111835
5.243081494298026 3.200835817710331
1.7322617574977115 3.8019308268761494
5.074785468318523 9.659812223752521
7.588157660805422 3.3618172280940435
4.999266322651103 1.7465193094994558
1.5574118091802371 6.572240749680165
7.888969476631048 4.778788224158589
1.295907314709701 2.1704961041013204
9.075978633118776 6.303197202460615
7.660482640098234 6.651085592587191
5.836501037308341 2.9048815470624025
6.733338861436904 3.031130228114497
8.980563068688452 4.0399466899631316
3.6095264134862255 4.887025302361433
8.139270665899389 3.3388903845379834
9.886125342284323 4.181720234529003
4.569085665142115 6.4098130636900015
5.554035465688168 1.070651561721785
6.843926053192639 5.724017810150084
6.4638157779152445 2.6701941822028417
4.368273521249439 3.7096996510505216
4.585597714970753 4.412968437981954
6.897921935404108 5.814250611677721
9.544568544430415 9.992119694268027
4.572875472330009 5.827447849518669
5.076407574015503 8.616728803518637
8.491597124551726 9.560929660370043
8.654287632616626 2.36309247177922
7.608310365620868 6.153838884207181
1.8508293440260202 3.5150535885805683
2.310394919837236 6.260607404997503
4.166484527459766 2.019250895647156
7.797260894361018 9.118054900644132
1.4265786035222665 7.5250078057930505
3.430003108176968 6.828465952762374
7.512301109141565 3.18091701775154
1.4527222894777696 8.943322013608984
3.822853243021408 1.5990510025478903
4.4097148869946725 1.9493377142508064
3.92238907659667 7.6018040641255995
4.155604068360306 4.012384969886395
5.271463211789027 3.475210234158473
8.843785008101852 3.658759969663038
9.80879428417329 4.697878584958941
5.598167682495114 6.922425118667207
2.0994106158603927 5.373538543803695
6.514638904218728 9.721529639289281
6.176517250906412 5.3478781940839895
8.409319954831236 3.821924710338717
7.026508840040327 1.0047932152173766
7.553423511655672 7.0591826652906455
5.171843874751194 7.611099225679583
8.980679867056761 8.508988167256927
2.4780898007011736 1.7713824149271828
1.5266231584725383 7.637507980197697
2.31027858830456 1.4424394466006714
4.477752089432203 5.294765255216793
9.955081519700737 1.3934569906085725
1.5272715971761714 4.264558564490231
7.262009718874051 9.78384470798438
1.2963587479864123 9.516424464280695
5.130588813531126 7.446172211595228
4.529394782824308 8.245990511625768
8.186169477094857 2.9926238624922217
5.135384344428716 6.2955746444817855
5.495603858209895 5.716304804114634
8.145996066939446 4.464989360618911
4.385180925629644 8.06629537896333
1.4244205116583424 6.797198911074692
8.78731067229726 5.67324799244239
8.637714550957636 9.32965177930767
8.887914621110077 3.1129503074791347
7.804572843463144 7.469557242366099
7.499478303848588 7.7084699285415565
1.1543811473082386 9.484228153789847
8.04718409510683 4.578291586241669
1.6283431428521293 9.167580240980755
1.3660834179188241 6.301352344752341
4.2618557673067965 4.8793600337439065
5.056008604945502 5.455692701944792
4.310198182495361 4.597077780668743
3.5199631516465497 8.356621216939796
6.3370126842632155 8.017933636913469
6.490937696537892 9.052287972040537
2.5926481505280483 2.8387251627767465
3.914475704076049 5.119079163618706
4.278743395307888 5.047059729281255
5.615773101262784 9.21467601243771
7.121662216557444 8.234217563368812
2.363566272145244 3.8082579570317057
7.416144813483462 1.1212550828614996
1.4135098710360177 4.25730741412472
8.642020936077216 3.8744685136258554
6.794615494809469 5.528200897099184
8.045694867112978 4.366985429725652
1.3421713807235398 1.6974397664993068
5.027485214891743 8.602906041060251
7.596403279101858 7.412562220311621
5.012569603018104 2.0978627776010152
6.4174039392479205 7.630127303751256
8.105299181576765 9.887851936313359
5.30019678362021 2.7349521794436686
7.445161538138475 4.6002657071931985
5.725107503064189 5.176221992892766
1.239105972768007 5.5228818208630415
1.739255971470361 5.828073907548193
7.252339926713035 4.014465266139204
8.30844149469541 2.363932697783853
9.851077271195052 9.327217022144037
1.0639146307002152 4.610690869629149
8.2231049424995 6.654822125141361
5.152530102193686 6.712888920019983
7.07740505208298 1.4308022966526095
2.5046456744142995 4.009070103816729
6.902998624137685 6.1102869578286985
7.501030905817534 5.717374279519469
3.679954428139278 4.319420434379149
7.118070431604212 6.804166099435362
8.971007175644122 7.302584727861316
7.470105746622638 2.0222768605784407
2.1909177708014003 9.760922413233827
8.827269550960297 8.675198412470793
3.4876217105726415 2.9106062052138935
3.5366424131978738 3.478993697884442
8.940658285669603 7.473720512606395
3.6706185074120397 4.902628073867566
4.108321158586996 1.226813433950642
5.821596459184114 8.090651515211546
2.232245500309765 5.774685977317905
6.821970149787789 9.611806502023652
3.377849224617309 7.766848165126037
2.127225465484907 2.284586559016306
9.35240299202948 1.8605662148264517
9.815472387355786 7.310799491198864
4.448249999337401 6.383353380626067
5.31203439008168 6.066973492655055
5.375062940065742 2.665033467464707
6.786627354679628 5.649714262554974
6.5730154992978385 5.950312584135046
9.739888967547449 5.808208382435692
8.591201009849158 3.38882886924911
2.811567732093626 9.108201203503473
2.868171724648136 5.836787025139708
4.574608159455991 8.554452333252847
9.964368509088308 7.4196027988874755
9.606066274644576 2.4009282589291727
9.43324698064032 4.100184767400581
3.4700048706107953 2.617164352951431
2.4133000125293016 8.503143935281525
2.3302551338328765 4.1368670227920346
1.6724885171809505 3.119544025890959
7.987950512784982 1.9438956859320138
3.6086353749576494 7.41896466568649
3.3902322296432903 9.374540203965893
8.065210836830722 6.8411700341424995
6.598899147218756 6.4963753409896405
5.197273160178934 2.3681137900704745
7.273320743088567 4.489665101450382
5.456709200242721 4.765839215917223
6.441413814422554 5.274678244357858
4.46064637503093 9.21090209270579
2.9881670991593747 1.9958836433091638
1.5066347069513193 7.413918995985504
5.990553168674953 1.600583223129548
1.736345821073631 7.053186242224305
8.41936144968859 9.146248010380633
4.301031465061792 2.878282167256363
2.4653584463519294 6.891194213943775
6.1990699220072125 8.082315001605927
1.5092393499610273 8.385676628733513
2.172145623136104 8.281258066276347
6.05024786228482 5.008952502902209
3.8636123823390442 2.874218443472982
3.9610424727252163 7.553520243632943
9.27741675239091 6.063675972792731
9.95329479101082 8.423792052200405
5.3138199278988765 9.87548062600936
3.6700291265238194 5.781624878165662
1.617455755444798 5.003518123413683
8.656783330863329 9.950779308774528
4.395041672860225 2.6348502337022834
9.487649462531728 9.391125080942118
8.491487505348163 2.1461407230292693
7.933722661478059 1.098523819845248
6.614759486556084 2.0718664417882726
3.2117984927449688 5.766836920261328
1.526129247830383 7.217102373195523
4.05718196663561 4.416506929909209
2.9432047719011547 2.3058426350177985
7.739557134660171 7.054912424037881
7.419890265060632 9.779342364909011
8.766474330754953 6.780073575732186
5.726951571095061 3.3243365910709866
2.005073430634519 4.368403388453999
8.128152241932067 4.503089015658605
5.191526557428049 5.789472872184854
3.763662012235389 9.695561551142756
8.056526690722468 2.021948726046373
4.271224731738127 5.277412187897909
3.970473886199539 9.874244547402444
3.3026099459388925 5.800205931503569
3.155280693439293 1.1336912465937798
6.841414631829202 2.912514524190121
7.678988087297611 2.371656698552596
8.104410870368973 4.889631141916386
6.056888489496119 7.9286923302215
6.733448244144133 2.657010789361374
2.4084979894722314 1.5650961051039505
8.647973014152019 2.5288273082950936
3.5044798703523448 3.7633877908858624
9.730432618743809 7.974622708433609
3.2682682848094453 8.896189391034751
3.674248310732479 2.8359180451533783
7.261369015303534 2.6972391248863286
1.7387822583781651 3.4647837354229662
9.098930232441433 9.014468190104058
4.272448330745805 9.537392365356906
3.2906237542431316 1.2223571213201454
1.2289115118710732 3.4100141996582343
3.9279428642052348 9.364898595885455
8.21659379623074 9.59007787739355
5.74773995691316 8.539170411985289
5.309381530716489 1.476454476055375
3.941720124818167 2.6159036485730773
9.5181329759682 4.795276528889833
7.605428818390971 9.968268896647384
4.455701357714769 5.879265453008911
4.574493364043098 6.130718008747984
8.459477604346684 8.645891201730823
8.174368160857238 4.783982226663216
6.377514398488689 4.916714658833159
7.132623098076893 4.47987895690319
5.142225862940933 6.951191948993786
1.23249436839378 9.301804692967666
5.240476728113592 9.82671833382755
2.316601117124617 3.0057920208731135
9.34387736321511 4.744278636358839
7.135835373250591 1.8079238906674293
1.0241032573098887 1.8728240809001515
9.858862733183578 9.905754630749312
7.447637085221901 1.3100459099709503
3.5456460694849667 1.319369822871331
3.3512033297318857 8.786589554463502
9.762310457067679 2.278689257713139
2.0268738436722002 2.3090604268455674
7.8800269117274215 5.4041009629744465
4.512596350269186 9.109699929704878
5.953689449513196 6.7073752357250775
7.565499653978457 1.063440567879825
3.6370699531516504 2.734782687128171
1.185990956833169 6.564014465963675
5.48474534554199 2.7189131840936698
5.705528106902612 4.599194878174875
3.2440563175835795 2.768632369575248
5.144816207132745 6.447485221176139
5.487732223775414 3.674010748140197
4.819652048088166 9.937396940978596
8.556881102473486 6.257290353996135
4.790317119297445 4.420245573853247
6.689616123690569 4.793677464917645
8.84730976609445 3.767998367568639
7.197428021991281 9.42741507764216
5.541877405736004 2.6884951464399496
7.946388751684945 7.923809329440438
8.180853815078454 1.9352217701004748
2.5608330089502656 8.33781618856787
2.110333159955418 4.372698629182443
2.6972094697801614 5.763343520292482
9.874240498463436 7.823541770944686
9.094413343589565 4.112429101201588
7.693801458379281 3.3676166710163744
8.862171113864564 2.1169082830269024
2.7470105730873415 3.32346992423705
3.3691985286803434 9.31934771263114
2.8214361879188576 5.096593003163656
5.450446708234656 1.1453659192655588
2.49592293321835 7.7104923013000946
8.720260441080567 3.8548735740880242
8.474801149047222 9.65257552526101
9.70955884867573 9.528148821263555
7.28933296443652 3.8053396262971835
7.818312771614107 6.91779791005772
5.7861577536233995 2.310821305059155
4.738292462228154 4.648543263039754
2.795277059016269 6.000769752873434
1.795191099124812 6.128046018275619
1.93848645756874 3.220664903577299
1.7573709354279428 3.3071238519906
3.189185683209437 8.84623341524222
6.877508951153562 3.0136727923302216
3.3237498531095735 3.9658299428923747
8.575927666522032 9.62650459599869
8.427879476058315 2.636926871202909
3.222755641699312 5.803334804507331
1.1383882220204349 5.675040295443664
1.1182625906627837 2.7105807689676937
4.444257857733108 3.5181641030605575
5.399256156990301 8.406964311329872
5.915871158590009 5.107549305984215
8.255622261773745 9.06021554029936
8.562149059593766 8.668141454828923
8.923532838000533 1.9419663980092632
7.176366407393584 9.900237951249215
9.325935526714748 9.393037637491886
3.0153171422466984 1.6356295216002457
8.44360672955283 2.700286346577895
8.127380332436763 6.73050626814651
8.404124143003145 7.250500049125651
5.849759998917099 7.2690059721247025
4.560000293837412 8.294901449959891
5.731275407473491 2.390341938888053
9.389511342178023 3.214204051345533
9.780061614092011 9.510926674932714
1.2239067194404751 8.312917458799372
2.4095231242153328 4.131923436007952
1.0270021483927207 7.757772963727486
2.3936748560462595 8.693417138309949
4.1715440241834365 1.9217081811722707
2.715203622355398 3.0726685079735168
1.6990753895941113 3.883470573070948
6.348549730727867 6.4727347173310745
3.6496773091658747 6.490829957648737
2.3749630839553957 8.306430035616511
1.7942334755293357 8.813502981576999
4.918557526088364 6.003737374861
3.6312501600653815 6.984569012617402
6.809100434448208 9.469645130047306
2.710107742945354 1.5250754437626832
5.22060634035967 4.25200915560049
3.7862354672562804 9.540985726998434
7.393550710261766 8.302119060035928
4.059226032155621 7.9920094753371504
6.567844570009485 9.719156498659032
5.797594100146876 8.498473814558093
8.473120945965718 6.388116628188021
8.611083873376467 1.14330473847357
6.099957089286855 2.9734811486908295
6.910169162093703 5.50541030229236
4.099927595168525 7.398053819334274
8.488214275441363 2.858562538796028
4.91748576211106 8.0052893330994
1.3574780126522934 3.751067270218649
2.324779423254788 9.53418432099122
5.748876481634037 1.7657066183122856
4.077824705748991 3.1746509770780533
7.242044480556848 5.403545595200612
8.950794514118963 1.0108747288621052
2.408638844677072 5.291298923521456
4.484205739690182 3.2249914600892735
6.843984204678085 2.830780742225868
8.071983805728966 1.8427499326269854
9.624246974801792 3.8065336893437296
1.572256087782319 4.704639470757675
7.093129825549925 9.972870346476464
4.582076062557264 8.551116962782128
2.9880797750778996 4.189783195454012
7.916247026699642 4.608411802319624
9.244041130767274 2.6924681162721047
3.209913293732168 4.940278611166994
1.9271740109637991 9.335538360652626
5.414931062679347 8.724454835162678
7.849520503010436 6.142624615926664
9.616610961421664 1.3146942876014072
9.044033290795312 1.2635989395238485
8.800858327426937 3.676643502269379
3.984977960338557 5.247255763957007
1.4272597980003903 3.7654936689729532
7.337468102424149 1.9715886075965448
8.134469339321363 5.711332783828292
9.341504426507795 6.502898976954363
7.455617116911326 3.422046455439522
8.88687585734254 5.056523681365812
3.4252032804600643 6.465024396186898
7.6339165740605175 2.4611302069841847
4.2727256645943115 9.553137174094966
1.0477941173073755 6.373489230767673
2.6371961879662527 4.202119804748683
1.3047336906910068 6.132305858513991
5.520181202309168 3.9675032858513335
9.512038469576925 7.201433995417654
7.347095490238585 4.6814474692311165
5.639107305349711 5.443765557078
4.52964355332581 8.963882547969572
5.040510426689751 2.836569455972683
5.145318810446125 7.978916210149038
7.656733476958964 3.3461076993647807
8.415678928393246 6.018468265119833
7.143134242302779 6.57188093447079
5.568619091584102 2.19309090498011
7.381807891282821 1.8160284835793061
6.181627162346728 3.796082096971272
8.262128613400735 8.526425443092938
1.7527695686844251 8.761928590301853
4.667233480162865 6.99334628174124
6.707348404920518 1.2065326484350773
3.3678379553021136 4.884018792076975
1.4062622483561298 1.96557180582543
7.191080051643779 3.6501939574234
3.885341102061086 4.532879836056951
6.383004099803426 9.195875277366698
2.382596321997684 6.418683441233335
5.835843560370165 7.50345171030737
1.3708705983347422 5.07937704488665
3.6208747504941137 8.025786662335154
4.213722210344066 3.9758937890996693
7.299054864862465 8.973700246968786
7.143987404903704 9.88540169722962
6.324620310190533 8.34714282464435
9.475531431927239 5.202206675486009
8.979416412637178 4.455978771250477
7.0718477128951385 5.626141829277759
1.3660376429975747 4.991763263316383
4.900849543505956 7.210929938545469
6.537260006645115 8.34449664135083
8.256915727552336 4.141858528924759
2.013483265484777 7.1042086526424315
7.220755135737024 1.3501048829653315
4.663973650113602 3.6555422434305234
3.001432591523637 3.0800963523544764
2.323806898472439 7.300456047936079
8.940287839911509 4.022659809305328
6.4510171459521874 4.118055325505912
5.566546776106472 2.3481756450700377
9.755983542417578 9.10490413307112
4.338214888411635 3.170210453430454
3.3576453023104444 8.64823169938662
1.9064598120191063 9.339516107741606
8.446139042576467 8.42755529569342
6.6617049321445485 3.8730401263409755
2.576820938060167 5.337697294919877
1.1036128486315668 7.00422917379467
2.2842780642301888 6.015933185470125
8.17823758131431 4.7915693686536365
7.329116111455691 7.916984496337525
1.5306288600519151 3.3486741426945823
8.456018867257301 6.413832629820157
4.287550593242341 1.0607118612891868
5.3845544877200835 4.255080357279147
1.022489858408636 4.0300100326240065
6.4356143904404846 3.771867368301831
9.645293791123553 3.5933340111862853
1.7700360659533212 1.9761916811836375
6.5333202580169205 7.05972097430406
8.43135885227213 1.7121553873172075
3.3176152449251175 4.363194745885092
7.246924011824892 9.267007918979168
3.238095268265454 8.978966196251143
8.466904988025211 8.374441512683443
7.3281250761436345 4.820106429476733
6.5561209810514525 7.629018769251509
9.115164327462242 1.4451636523924691
6.592519157951067 3.9072439895098645
8.841531109330996 7.132916377102424
9.180973363529327 4.91973550234932
7.5781850305582585 9.415156346095326
5.95781454234183 3.6982508988238454
3.368513027234796 1.8234208103737508
6.7506001563512505 4.924319900859846
5.10528049621087 2.994297996658474
9.83681554634761 2.8535679729580656
5.211367132877981 2.739489037917397
3.366213140664946 5.081046718251569
5.211124426011844 2.307967855882578
1.4938152677007563 7.43650507567518
9.982292490912569 9.492205193185452
3.399370483886944 9.80636281851649
2.2581516377509527 8.357808162416692
6.523370487033741 4.651108543014608
6.919887961474306 2.9513994192382267
3.344748384438933 8.503243707765018
1.1003499301285724 6.222593490460361
9.01844871010503 2.551426261501881
6.864431243069459 2.3206510227273496
9.875613867418824 2.474606869554216
7.444847435359325 8.926908566232044
2.8813170930570524 3.633789102162618
2.5660497277142498 4.636058125541144
7.498526386754946 2.6844311931928964
2.1149647711175534 4.750318503172297
4.591951092971827 9.441292077490882
7.969377680954761 7.319687303301584
9.803744090411316 9.419862661220884
2.454063754664204 5.216619706065245
2.0542863160036147 8.576859717404245
6.811943109719289 6.3487448054774465
4.724352799510889 9.562528183770699
8.3361546286609 9.254035681198621
5.4844720567222165 3.585264057267282
3.1583588652950123 4.323038261411728
3.5227173604112676 1.7339845070725655
1.884323560004816 3.0791480737938124
8.569028110394102 6.6919874219093956
1.9803392025577773 7.10824010342572
6.12377864233482 2.2921009476494145
4.82056939052023 3.7176372264597974
5.040841624994198 5.198844945193093
6.247643923879879 8.783164212144104
6.446063725718586 1.5214102258797024
1.28741768880254 3.2641941213971735
2.955842924103856 2.076814173878084
4.082881804504574 2.7396105868576273
3.069984340612852 8.297997254796353
3.585572743130506 3.614224835012025
9.13173853139624 1.7482338191801179
7.746337817790427 6.3226816272275395
7.7382831448232245 2.5287334387893514
1.246115617282105 1.2242700205793997
5.198723102691604 1.7280568412146182
1.491775295718542 9.178563164934515
8.618479034339023 8.921210757465673
6.1188581141857465 5.217471769653392
7.777896122603696 6.339057347987941
4.8202045120067165 4.008190246252589
8.886391333882028 3.4849964124455304
1.0968819214906786 2.9767218492588214
2.2510846867033063 9.948312109927198
7.5833783123154745 6.62126479580385
1.2992425560128842 3.687550799113441
9.586617808567519 7.3186865202595675
5.53667354636503 9.324279906423387
4.714479976545363 9.267518575729962
3.531646895853171 2.0452845424751613
7.315884830121491 1.4059374546462517
1.6091454132894576 6.923697389326289
1.9048060209083553 4.307063125824621
9.279391814448587 9.518362505260228
1.882098821187399 3.1776699047184254
5.169275234372859 7.415148749378195
9.842165118337949 5.581255139687869
3.140186526748035 8.34725435215029
7.472290467551609 4.644214895150741
9.712117067649956 5.693322678560511
7.692315658014753 7.7651946504088025
6.569199298810681 5.486469184060462
3.769457224359685 8.91883571495657
7.589528022658947 8.115475541534451
4.0032885468372434 9.968364047552004
4.305491257382311 3.5587999206193826
7.585361657609188 4.26230807732429
1.5740671836236078 2.9953831801268436
6.6440150673797405 3.825791080512326
4.912632758198944 3.3876498124944514
9.026487710140485 6.977035767657878
5.175286502774102 1.4470124147992294
3.811037910949102 7.311478917962043
1.4601552160201787 7.983670666063767
5.746080168884917 5.237064732462011
7.0273077666235935 5.2732559971102715
5.90470879108338 6.761912357149889
4.999659346080848 6.627636639481705
7.091855034465907 7.701953556275993
3.795838879832603 1.511522593100604
4.730231928568379 9.296436109726486
7.4136498837320985 9.558306539728507
1.68960533667147 9.018684341547207
9.291219121713247 8.124727118366698
7.0401942881466955 6.021559208294572
8.439634974361997 9.089752184773845
1.3630382429316674 2.6901613109394162
3.012360811551635 5.9217406012828615
1.8203418281628787 6.304456909578586
4.155748001458012 3.932214457534998
7.84137995571602 5.858366320068198
7.664614342318239 2.042822807870744
5.043674408922576 8.961972851392352
3.6975715857591336 6.052290734805407
3.182900611561248 4.210105466772806
7.4517052526618786 3.4160258224065543
4.522374037129672 4.319856256851811
7.256437515869865 7.895480053122295
4.444199167269192 4.928231604196582
9.955521923282102 8.711522851799153
9.118524035576863 9.403373182601783
1.4170580266256736 7.164628098924885
7.45706557271516 1.9354395121179344
5.355101660317539 2.1339443346776146
3.2420835363103144 7.1461418617370365
8.949253675931153 6.404524638491506
6.648523801177929 3.542958408182395
3.059277149467047 2.667600817362847
1.0837612827451344 7.153388245199619
6.681632956878299 6.858689722479934
8.140257104549484 5.758609180220893
2.5465040883157073 2.058277676445329
2.34542069270547 6.600060348953795
2.0267764824291614 4.009378202964248
3.853279159413431 5.1419880512512455
9.233226641335264 7.369469608360451
1.5617591490043181 1.499616092037564
6.320913629591835 7.685441727879994
3.5176496309269427 3.646399351973752
1.6152657059029911 4.828159162613593
8.042187535953213 3.6833813154674786
2.249755102165042 5.727734310449884
6.883872732220057 9.875335937419322
3.2566352959404936 7.29089534601079
1.7236075140596836 6.004568758001719
3.0548104481565193 6.132330731726178
1.1644111977798233 5.875323306292894
7.398722249338816 4.656772873403671
8.835742236749624 1.425803558882793
6.1260737936828695 5.335202950589911
8.616374778373292 8.537950078064501
5.8974095277443315 6.8299314564268325
1.9255402963587227 6.4231335230418525
2.9084337743561903 9.842424420196322
8.907401647637267 4.274523671677539
4.584224243457205 4.752004503873162
4.581214168836613 5.640725625921119
4.9310686112505175 5.668215514688362
8.754441458938429 4.68811083652811
2.918622745827158 9.467740587253951
3.6039596085159507 3.3977827998142724
3.0532502002660955 7.32964704489072
3.6653674651290933 8.1934916445805
4.557579041983429 6.359401289144775
3.4403838766483577 1.593414978966449
8.797079888472197 5.302253014498572
2.861346664997071 2.7601631654859027
2.239089054801754 3.591130180826946
6.75551035852799 8.125227422372866
8.613254384181646 7.010873986631747
3.112056085975512 3.559139379635552
1.7045784013355687 3.578666579275632
7.5826880209461045 2.5850571647973966
4.461194152870522 8.17611842170745
2.8528576195892748 7.340278741066264
1.2158168684147728 5.224886936324055
4.141666160183805 4.816033112639372
3.9958390955364838 2.5272001176061956
2.4276527521606606 6.437145007298296
8.57702754041387 2.942079139379559
7.725356656132172 4.6003102485164895
4.841534100884692 3.7188172396270094
5.750022872993721 8.12389327893496
4.870141709397041 9.56924509189945
3.5900589127660747 3.677288243288695
4.27457063809019 8.395655003045311
6.9303764997057336 8.69774445762598
6.958367828979492 1.4586198393142773
3.762316986651708 2.6489189906590114
5.7208625467716825 4.449787188698029
7.075974597147189 9.555066916649132
8.682225463748981 2.890076947711495
9.589459976381995 6.347556335004102
6.290286871872795 4.703342593431003
7.900601492166507 9.463681899810629
4.8530809527438405 8.430020854559926
4.072992126795727 7.895604288363748
5.150759394039659 3.788807696933811
3.6121737577940656 8.827360413053551
8.79047734935039 3.0097203165592403
7.229722582209005 4.933995239791487
8.908951291479521 7.767337862662369
9.254611747645654 1.1429163128727686
1.4474053333231693 6.27904513128462
8.906856602335987 4.9458854215791055
3.368029240209847 3.4238560711122816
4.5039431159761785 3.668987727408438
2.1899113282976894 6.057792235263031
8.813316484805945 2.446394120071993
9.255309741033066 2.0129277619707713
5.154224354988034 5.404969160196999
2.995551402114902 9.551728070973002
5.301945127788342 7.559824252372417
9.722858297681702 6.181113726947194
7.227562662427973 3.921093412353506
3.90231924427679 2.9966876481632507
4.879837583502941 1.92737581920154
2.454389216162399 4.965238448030034
7.1134301774645605 6.9866258565243875
3.175062269764417 8.03006507522959
5.581846150323473 1.8354275523607502
7.7605474981449 2.444393723431944
8.196388258467673 9.491730979960552
2.1823666140275697 9.947455841649484
9.661986304648627 3.6055391834034975
5.772601896353678 3.4618892420985965
8.106561023761294 8.146761027018826
9.017724077297244 1.154199593964156
1.9160873033777799 2.631671743272139
7.828413266678702 2.933886411133115
2.526828766720376 1.1191683179853398
8.421468062602136 4.288831917434131
4.826950246687559 8.499610027337246
7.148585339329381 7.3341154850987
2.980668517355711 9.574811242408371
9.853751642482514 1.6223946936696036
3.2653040883765634 4.2264297055475035
3.387737624583955 4.23542943456833
1.2561982161798781 2.04410535174591
4.9412957806732845 9.416226487991143
7.332105685174512 8.462757351867669
3.303008121479036 1.1000690065727108
5.327784263935326 4.132354589895028
4.417516250484262 6.428860969319613
9.014298082791925 6.551539646133022
6.508573617020162 2.462568042602944
4.378987503296202 2.8271170784882527
4.859647264970661 2.889699664495101
7.852875374191706 8.53492345560241
2.126021247998876 4.343519167763741
6.5407756929923995 6.497886723643152
4.1296805678424295 6.024733398777501
1.985038492849426 5.697708219154091
4.747933490525772 9.9675995042352
4.3765741895389745 3.9406588337363777
4.157548360653062 4.528352147023737
1.8567307929434271 1.3158916972743833
5.60842108009464 7.418355099314677
1.798082815524542 4.276297950890718
2.5730581741319 9.240638665656157
8.287421595902455 9.566485348323434
4.406093270296682 5.599086621111942
7.968662050567429 9.914970301647822
3.9992917078396695 3.2027912437127664
1.8367346164234994 3.443835910027969
2.4832003128612095 5.219448037128289
3.153084003547594 5.939193232831171
3.3762654726465327 5.931425640773125
5.818989904393817 2.8383044881426853
2.4608994509507793 7.192626086099106
1.0327515374733003 7.189357979251563
9.307653683713538 2.446540327973872
6.340297862155865 8.974328326043326
2.547549796298365 3.3254810367448977
6.267995870963213 2.056834193274094
4.514585354308695 8.646811302533525
5.7379863692245845 9.849265752926998
3.9534160566701724 2.69930772894382
3.752849461602368 3.724346274710406
9.740211003445582 9.739226296107722
6.941670059823149 8.032788041989326
1.132859920282078 1.566387307236877
1.7746685246892446 2.257404778879561
3.039500013810128 8.258067822487806
1.8272293702627673 6.304753915960495
7.0323335274470065 2.601840879597871
3.0318493148846604 6.337724436665888
4.3553851969864 2.511140106596759
7.248357492950278 6.145602305311606
1.9215118084098017 4.9907764778378985
8.231673517295043 5.1134430688599615
5.477896287160219 2.0453627139284096
6.993085387310568 7.308851494553014
1.6621644518479246 9.40696163296359
4.974376413493303 2.2074192350443234
3.1004652189874577 9.425085322176804
7.446373756158755 1.4969346121415428
6.123880283540378 2.433514789662853
7.348894188993957 3.739752200465504
1.658967807083696 2.0973442798697164
7.520317159005987 3.844112681546743
2.6631600528237875 6.735675411182629
9.136382754032102 4.977841522994171
6.943879665853266 9.148244017140874
5.281873242436827 2.673126746224315
5.104316068974935 4.914050065025745
4.261947454198134 9.124310612563454
6.093858397815724 5.618267570047071
6.719296597051609 1.7782849232676172
8.131672671586237 1.719014156011574
1.0755760821348503 9.02260128429094
6.9172564914040535 8.270638230802977
2.0971694534175773 1.8115371103100055
9.299560233147135 4.159563551685512
6.877045837211138 4.602690920032073
7.91686698707412 7.092549526989486
6.852303363412943 5.181924093609772
9.65679597822983 1.866055909133244
4.23249234913075 4.755371009802244
4.436548016475222 8.363863450468079
9.405705927866231 2.999990695354417
5.324289868649202 4.0002817999436235
8.911032345449147 5.484800864327584
3.280889272357776 4.714098137805637
8.211076509646432 4.121701229087098
6.780440978220937 1.9464936481241404
3.078322550345892 8.330399739940702
5.65413126167618 8.599714892974875
6.40507466741615 4.987761452020144
8.93548148211533 8.170204406087237
8.037280955657458 3.8474445972867923
7.157197982973363 8.67987618727115
5.162316146361668 4.661277740787021
5.396942605374937 2.4364812702233887
9.150124589450014 7.837833108564012
1.8274043009592744 3.9388155273892007
3.8164086176822143 8.49183554437342
4.7780101902298675 6.71300907932906
7.866850074716804 5.205092781534606
6.431845307239817 8.97026416161655
2.52444330263964 1.7588245329551073
9.815513151045668 5.911207057792432
4.119773467498013 8.470077644594678
5.872656939654196 9.180482515427082
1.7930176836621898 9.343845862433295
2.6112492650922663 7.8698753206694825
6.753363978480838 7.381766284943485
8.281370831678078 4.043748828773619
6.346244228978726 6.558051076669888
6.9603892904390126 9.644737188328374
3.2404652992224854 6.518287430978847
7.948226293185841 8.449908493954922
9.32401906934407 1.9818897780994837
3.884160700365906 1.0853455432911825
7.049985301664428 4.027115331832629
4.918467265301725 8.092304957688176
1.7347829764142486 1.9425352465164258
3.1024871557648646 5.347877464833399
4.122200583554738 6.2943303562318
3.7059388385645597 7.009290913551887
4.55718631967441 7.072710069524879
9.977399875743776 8.602330231037007
3.3669768461275575 8.562464951787753
2.6250155141045224 3.5035102841853156
3.0885283392281404 8.46636702488086
9.375649397358076 9.677197008327784
1.44008259583171 1.657956091205159
1.8144469814634492 3.2739653962600728
7.22235287991568 5.249208242788853
9.10482269444928 6.6701363140580705
5.800731696898475 7.131973831537416
1.1516124497845701 9.65035911891697
8.162228888511066 4.634012504459832
7.662272300985796 1.8379877366516286
5.2079179659340005 3.088485224784451
9.216600433982922 6.26507314780507
9.999680369303919 7.026830952794337
4.012588144619032 4.890650840257751
4.500512089277047 4.739376447155669
5.454026380246415 8.678809705348565
5.640180765735423 3.005050902643385
6.622650279291591 3.4019575187702755
3.4276914832337018 3.1287092907204017
3.87202824899562 2.7667405332277246
2.2588453563858004 5.986047192639843
6.926490306436582 2.040472756712851
4.928055577557013 9.248215332430643
5.15518366049412 2.0017043086634847
7.479002068110906 7.107132721858327
4.430696906710908 7.52612594285979
8.771207910905314 4.8560524411592585
6.865344616379326 2.8741463688254107
5.946390316184601 3.126542389697659
3.223735381660828 2.6961696694402555
3.7509474307815096 2.0771676007416584
2.2866064996841065 6.356289018735641
9.346484717608092 3.3070270099308656
8.63275537885265 2.2244253690447815
3.1211028294925702 6.966131094407926
6.967796607310529 8.418668346293632
4.371602886872117 8.832034503055954
6.30563589250513 7.403881211375916
5.127433155270364 3.5888939616721585
1.463994980574542 5.750968921888903
7.698424521120077 6.12488629481606
9.522142400011957 3.985159937842145
9.226009534583488 7.215508497744135
2.0440069545702544 7.961228881070334
3.0591605166836544 4.331528483299861
6.248079792797496 4.4726793023044475
5.468724877832959 9.293526984374058
7.4836207354400495 6.266690809106159
2.7684436255729916 1.1106934192178675
2.6352362783909684 9.623291278501952
8.156023642246803 3.4319901620249578
3.2653067170901404 1.250486376516728